4914 249939 460296 532845 15903 115182 354510 18846 1137510 32940 169965 1418526 235980 2653992 14256 289278 8181 1906443 1058859 1531170 138753 217404 56808 61830 356940 35343
385128 18765 9936 2592 596646 999 810 3024 303696 14256 2673 182115 4941 2079 250236 19251 27 172395 55782 34452 289791 1809 1755 189 199692 135
523260 4590 105975 7722 773982 3267 3861 623052 351486 189 184815 207846 4941 3321 1460430 6966 67824 220617 44091 1040553 277317 810 2052 972 74979 1350
274914 2943 6183 74412 1151199 1647 28458 4104 637335 20952 540 395766 22977 11961 224316 5751 1701 68310 129492 4536 313497 20520 9234 594 40527 162
957420 111834 789561 1525959 558792 194481 128871 48789 179172 7992 83754 579501 420255 1562004 41715 245214 54702 2646054 1937871 773874 72792 320841 140886 408402 149013 10854
160299 1998 3888 1458 372789 290763 2376 1404 585468 189 459 75762 2133 1377 637335 918 27 317682 20547 94068 118773 81 540 297 7209 54
250911 513 3078 6156 500607 999 23922 214758 118368 135 1485 34857 8559 91611 181332 1485 54 343926 87237 23868 101682 324 1080 324 30132 216
1087128 2349 2376 6075 2651724 2160 702 1782 515997 324 2646 21033 10449 23085 356022 2511 1323 229473 59994 112158 41337 1566 7128 108 11070 81
438048 78705 840159 1006020 399114 146853 280503 1458 5859 1242 45333 896103 272943 3363012 1055484 112536 12933 356400 998406 1519074 17496 327699 11583 49896 5967 48357
153279 108 351 0 43038 0 27 81 5805 0 135 54 189 459 66501 648 0 1080 81 108 75465 54 972 0 27 0
34263 2214 405 2349 413181 3483 2322 6912 85644 243 1755 17307 4779 13041 25812 1890 0 6777 111645 1026 11232 351 3861 54 12069 675
627345 12771 34020 455139 789237 46170 10557 2403 792612 432 31752 878553 27945 507735 565083 26163 108 386802 229635 409320 191619 25083 6912 1458 446391 2187
784755 119043 18171 3618 931716 5292 1593 1755 412533 1080 702 509922 173610 4239 391446 411480 0 4671 84024 35937 82971 297 567 783 21789 27
551178 12069 676782 1409886 1148148 65124 1176984 9963 491049 6291 196398 47925 59022 187110 503415 10017 3294 11853 551205 1351620 169911 86481 11691 702 188811 6966
121554 75087 218970 271026 32265 1292274 50301 14877 161703 12825 79974 446337 908118 2278854 137673 360720 297 1734210 501417 452412 963927 303075 379431 9720 50382 3429
619164 3942 275697 15849 633933 1485 2781 39420 116370 27 405 300915 35802 2133 533007 162567 27 912249 45873 91881 140589 324 3429 189 3510 432
2052 162 108 27 189 0 0 0 2403 0 108 135 108 54 0 189 27 216 81 88182 253719 0 27 0 0 0
1005561 25218 212895 260901 2598696 13689 181656 8532 957879 1620 205065 148527 240597 265599 1213920 172800 189 197775 880281 619272 179658 105975 17793 1053 348138 1404
1017765 18954 126576 29619 1117854 15120 2592 611361 598563 243 33858 68931 64638 10422 410400 209439 2187 13419 525285 1615167 424899 1350 28674 2295 40608 675
766692 5103 31995 40959 1680183 10476 39393 3154950 1429704 324 837 102762 75654 21087 1616328 23652 0 728055 961524 154980 207063 2889 116937 2484 144936 8775
264222 111456 242136 146934 188541 30996 125982 2295 167751 1647 5562 425736 149985 540270 28188 203310 378 696465 480492 560196 189 5832 7506 3348 53730 4347
125091 459 891 459 945540 297 30051 351 301266 81 54 2403 702 702 54378 54 0 6183 452142 1107 1485 54 756 729 9423 135
339093 2025 1998 1998 424575 1242 1053 249183 447093 270 3213 8127 4563 94716 298242 1377 27 13149 41958 36963 513 162 567 189 2079 0
20358 81 79515 54 31725 378 54 1053 22923 81 0 810 702 1134 9288 198450 0 459 405 57186 1134 0 567 3024 1944 0
33021 16578 8991 5508 313470 4077 513 891 42552 0 459 8370 34479 18225 48303 6831 216 6129 138915 7722 3483 216 2646 297 54 756
27270 1080 540 54 45225 297 108 702 34236 0 189 864 297 162 7452 702 0 243 270 108 6912 243 972 0 2403 3834
2854170 1721007 2206440 1408293 972189 1588626 582309 872316 2474982 249210 101331 1071792 1698516 883602 2200203 1831113 202851 1234629 3059235 4496472 388368 546885 1396332 3780 322110 21276